10001100000001000000010000010000
10001100000110000000001111101100
10001100000100000000001111101100
00010000100000000000000000001100
00010000100100000000000000001101
10001100000010010000001111101000
10001100000010100000001111101100
10001100000010110000001111110000
00010001011001000000000000000101
00000001001010100110000000100000
00000001010000000100100000100000
00000001100000000101000000100000
00000001011110000101100000100000
00001000000100000000000000001000
10101100000010100001011101110000
00001000000100000000000000010100
10101100000001000001011101110000
00001000000100000000000000010100
10101100000001000001011101110000
00001000000100000000000000010100
00000000000000000000000000100000
